cameron, hale, 335777571, laksjhfas, sasdjfh
